% logfile for Python side
% 1 time (sec)
% 2 Mission state
% 3,4,5 (x,y,h) (m,m,rad)
% 6 Camera frame count
% 7-9 Line sensor: line position, e*kp, control y (rad/s), validCnt
%     Line sensor: Kp=1.0, tau_z=0.8s, tau_p=0.25s
% 10,11 trip A (distance and heading change)
% 12,13 trip B (distance and heading change)
% 1770207070.715814 robobot/cmd/ti log 1
% 1770207070.7160015 robobot/cmd/ti alive 2026-02-04 13:11:10.658149
1770207070.761604 0 0.000 0.000 0.000 0 0.00 0.00 0.000 0.000 0 0.000 0.000 0.0000 0.0000
1770207070.8098028 0 0.000 0.000 0.000 0 0.00 0.00 0.000 0.000 0 0.000 0.000 0.0000 0.0000
1770207070.811091 0 0.000 0.000 0.000 0 0.00 0.00 0.000 0.000 0 0.000 0.000 0.0000 0.0000
1770207070.8626757 0 0.000 0.000 0.000 0 0.00 0.00 0.000 0.000 0 0.000 0.000 0.0000 0.0000
% 1770207070.8687303 robobot/cmd/T0 enc0
% 1770207070.869772 robobot/cmd/T0 confw 0.074 0.074 19 92 0.23
% 1770207070.870551 robobot/cmd/T0 confi
1770207070.9096088 0 0.000 0.000 0.000 0 0.00 0.00 0.000 0.000 0 0.000 0.000 0.0000 0.0000
1770207070.911961 0 0.000 0.000 0.000 0 0.00 0.00 0.000 0.000 0 0.000 0.000 0.0000 0.0000
1770207070.9613154 0 0.000 0.000 0.000 0 0.00 0.00 0.000 0.000 0 0.000 0.000 0.0000 0.0000
1770207071.0094638 0 0.000 0.000 0.000 0 0.00 0.00 0.000 0.000 0 0.000 0.000 0.0000 0.0000
1770207071.0117743 0 0.000 0.000 0.000 0 0.00 0.00 0.000 0.000 0 0.000 0.000 0.0000 0.0000
1770207071.0624106 0 0.000 0.000 0.000 0 0.00 0.00 0.000 0.000 0 0.000 0.000 0.0000 0.0000
1770207071.1095586 0 0.000 0.000 0.000 0 0.00 0.00 0.000 0.000 0 0.000 0.000 0.0000 0.0000
1770207071.112002 0 0.000 0.000 0.000 0 0.00 0.00 0.000 0.000 0 0.000 0.000 0.0000 0.0000
1770207071.168472 0 0.000 0.000 0.000 0 0.00 0.00 0.000 0.000 0 0.000 0.000 0.0000 0.0000
% 1770207071.1690493 robobot/cmd/T0 lip 1
% 1770207071.169917 robobot/cmd/T0 sub livn 10
% 1770207071.190381 robobot/cmd/T0 liwi
1770207071.2092319 0 0.000 0.000 0.000 1 0.00 0.00 0.000 0.000 0 0.000 0.000 0.0000 0.0000
% 1770207071.2112494 robobot/cmd/T0 leds 16 30 30 0
% 1770207071.2117853 robobot/cmd/T0 leds 16 0 0 30
1770207071.2128663 0 0.000 0.000 0.000 1 0.00 0.00 0.000 0.000 0 0.000 0.000 0.0000 0.0000
% 1770207071.2129936 robobot/cmd/ti rc 0.25 0.0
% 1770207071.2133095 robobot/cmd/T0 servo 1 100 300
% 1770207071.2134662 % State change from -1 to 12
% 1770207071.218548 robobot/cmd/ti alive 2026-02-04 13:11:10.658149
1770207071.2624056 0 0.006 0.000 0.001 1 0.00 0.00 0.000 0.000 0 0.003 0.001 0.0030 0.0012
1770207071.3092318 0 0.014 0.000 0.001 1 0.00 0.00 0.000 0.000 0 0.012 0.001 0.0121 0.0012
1770207071.3126965 0 0.015 0.000 0.001 1 0.00 0.00 0.000 0.000 0 0.013 0.001 0.0135 0.0012
1770207071.3625321 0 0.026 0.000 -0.000 1 0.00 0.00 0.000 0.000 0 0.024 0.000 0.0239 0.0000
1770207071.4096396 0 0.037 0.000 0.001 1 0.00 0.00 0.000 0.000 0 0.035 0.001 0.0351 0.0012
1770207071.4119422 0 0.038 0.000 0.001 1 0.00 0.00 0.000 0.000 0 0.035 0.001 0.0351 0.0012
1770207071.4621556 0 0.049 0.000 0.002 1 0.00 0.00 0.000 0.000 0 0.046 0.002 0.0464 0.0023
1770207071.5099995 0 0.061 0.000 0.002 1 0.00 0.00 0.000 0.000 0 0.058 0.002 0.0584 0.0023
1770207071.511867 0 0.062 0.000 0.001 1 0.00 0.00 0.000 0.000 0 0.060 0.001 0.0602 0.0012
1770207071.562764 0 0.074 0.000 0.002 1 0.00 0.00 0.000 0.000 0 0.072 0.002 0.0723 0.0023
1770207071.609316 0 0.086 0.000 0.002 1 0.00 0.00 0.000 0.000 0 0.084 0.002 0.0841 0.0023
1770207071.6130183 0 0.087 0.000 0.002 1 0.00 0.00 0.000 0.000 0 0.084 0.002 0.0841 0.0023
1770207071.66283 0 0.099 0.000 0.002 1 0.00 0.00 0.000 0.000 0 0.096 0.002 0.0962 0.0023
1770207071.7092679 0 0.111 0.000 0.004 1 0.00 0.00 0.000 0.000 0 0.108 0.004 0.1081 0.0035
1770207071.7131317 0 0.112 0.000 0.002 1 0.00 0.00 0.000 0.000 0 0.110 0.002 0.1103 0.0023
% 1770207071.720961 robobot/cmd/ti alive 2026-02-04 13:11:10.658149
1770207071.7635984 0 0.125 0.000 0.004 1 0.00 0.00 0.000 0.000 0 0.122 0.004 0.1222 0.0035
1770207071.8097723 0 0.136 0.000 0.004 1 0.00 0.00 0.000 0.000 0 0.134 0.004 0.1344 0.0035
1770207071.8135417 0 0.137 0.000 0.004 1 0.00 0.00 0.000 0.000 0 0.134 0.004 0.1344 0.0035
1770207071.8639598 0 0.150 0.000 0.004 1 0.00 0.00 0.000 0.000 0 0.146 0.004 0.1464 0.0035
1770207071.9099157 0 0.161 0.000 0.004 1 0.00 0.00 0.000 0.000 0 0.158 0.004 0.1583 0.0035
1770207071.9135346 0 0.162 0.000 0.004 1 0.00 0.00 0.000 0.000 0 0.160 0.004 0.1604 0.0035
1770207071.9628382 0 0.175 0.000 0.004 1 0.00 0.00 0.000 0.000 0 0.172 0.004 0.1724 0.0035
1770207072.0103068 0 0.186 0.000 0.005 1 0.00 0.00 0.000 0.000 0 0.185 0.005 0.1845 0.0046
1770207072.013574 0 0.187 0.000 0.004 1 0.00 0.00 0.000 0.000 0 0.185 0.004 0.1845 0.0035
1770207072.0645351 0 0.200 0.000 0.005 1 0.00 0.00 0.000 0.000 0 0.196 0.005 0.1965 0.0046
1770207072.1097536 0 0.211 0.001 0.004 1 0.00 0.00 0.000 0.000 0 0.209 0.004 0.2086 0.0035
1770207072.1135688 0 0.213 0.001 0.005 1 0.00 0.00 0.000 0.000 0 0.210 0.005 0.2105 0.0046
1770207072.1628659 0 0.225 0.001 0.005 1 0.00 0.00 0.000 0.000 0 0.223 0.005 0.2226 0.0046
1770207072.2102005 0 0.236 0.001 0.004 1 0.00 0.00 0.000 0.000 0 0.235 0.004 0.2346 0.0035
1770207072.2134743 0 0.238 0.001 0.005 1 0.00 0.00 0.000 0.000 0 0.235 0.005 0.2346 0.0046
% 1770207072.222829 robobot/cmd/ti alive 2026-02-04 13:11:10.658149
1770207072.2639945 0 0.250 0.001 0.005 1 0.00 0.00 0.000 0.000 0 0.247 0.005 0.2466 0.0046
1770207072.3094468 0 0.261 0.001 0.005 1 0.00 0.00 0.000 0.000 0 0.259 0.005 0.2586 0.0046
1770207072.313417 0 0.263 0.001 0.005 1 0.00 0.00 0.000 0.000 0 0.261 0.005 0.2607 0.0046
1770207072.3642232 0 0.275 0.001 0.005 1 0.00 0.00 0.000 0.000 0 0.273 0.005 0.2726 0.0046
1770207072.4097552 0 0.287 0.001 0.006 1 0.00 0.00 0.000 0.000 0 0.285 0.006 0.2848 0.0058
1770207072.414118 0 0.288 0.001 0.005 1 0.00 0.00 0.000 0.000 0 0.285 0.005 0.2848 0.0046
1770207072.4639938 0 0.300 0.001 0.006 1 0.00 0.00 0.000 0.000 0 0.297 0.006 0.2975 0.0058
1770207072.5096245 0 0.311 0.001 0.008 1 0.00 0.00 0.000 0.000 0 0.309 0.008 0.3093 0.0081
1770207072.5141735 0 0.312 0.001 0.008 1 0.00 0.00 0.000 0.000 0 0.311 0.008 0.3110 0.0081
1770207072.5646198 0 0.325 0.001 0.009 1 0.00 0.00 0.000 0.000 0 0.323 0.009 0.3230 0.0093
1770207072.609758 0 0.336 0.001 0.010 1 0.00 0.00 0.000 0.000 0 0.335 0.010 0.3350 0.0104
1770207072.6141384 0 0.337 0.001 0.010 1 0.00 0.00 0.000 0.000 0 0.335 0.010 0.3350 0.0104
1770207072.6650918 0 0.350 0.001 0.010 1 0.00 0.00 0.000 0.000 0 0.347 0.010 0.3468 0.0104
1770207072.7104757 0 0.361 0.001 0.010 1 0.00 0.00 0.000 0.000 0 0.359 0.010 0.3588 0.0104
1770207072.714334 0 0.362 0.001 0.010 1 0.00 0.00 0.000 0.000 0 0.361 0.010 0.3609 0.0104
% 1770207072.7253337 robobot/cmd/ti alive 2026-02-04 13:11:10.658149
1770207072.7639964 0 0.375 0.002 0.010 1 0.00 0.00 0.000 0.000 0 0.373 0.010 0.3730 0.0104
1770207072.8102384 0 0.386 0.002 0.010 1 0.00 0.00 0.000 0.000 0 0.385 0.010 0.3852 0.0104
1770207072.8145547 0 0.387 0.002 0.010 1 0.00 0.00 0.000 0.000 0 0.385 0.010 0.3852 0.0104
1770207072.8646061 0 0.400 0.002 0.010 1 0.00 0.00 0.000 0.000 0 0.397 0.010 0.3972 0.0104
1770207072.910427 0 0.411 0.002 0.010 1 0.00 0.00 0.000 0.000 0 0.409 0.010 0.4091 0.0104
1770207072.9139977 0 0.412 0.002 0.010 1 0.00 0.00 0.000 0.000 0 0.411 0.010 0.4111 0.0104
1770207072.9648354 0 0.425 0.002 0.010 1 0.00 0.00 0.000 0.000 0 0.423 0.010 0.4229 0.0104
1770207073.0105643 0 0.436 0.002 0.010 1 0.00 0.00 0.000 0.000 0 0.435 0.010 0.4349 0.0104
1770207073.0141616 0 0.438 0.002 0.010 1 0.00 0.00 0.000 0.000 0 0.435 0.010 0.4349 0.0104
1770207073.0655515 0 0.450 0.002 0.010 1 0.00 0.00 0.000 0.000 0 0.447 0.010 0.4470 0.0104
1770207073.10986 0 0.461 0.003 0.010 1 0.00 0.00 0.000 0.000 0 0.459 0.010 0.4591 0.0104
1770207073.1154625 0 0.463 0.003 0.010 1 0.00 0.00 0.000 0.000 0 0.461 0.010 0.4609 0.0104
1770207073.1657422 0 0.475 0.003 0.010 1 0.00 0.00 0.000 0.000 0 0.473 0.010 0.4730 0.0104
1770207073.2108643 0 0.486 0.003 0.010 1 0.00 0.00 0.000 0.000 0 0.485 0.010 0.4850 0.0104
1770207073.215225 0 0.488 0.003 0.010 1 0.00 0.00 0.000 0.000 0 0.485 0.010 0.4850 0.0104
% 1770207073.2271564 robobot/cmd/ti alive 2026-02-04 13:11:10.658149
1770207073.2684293 0 0.500 0.003 0.010 1 0.00 0.00 0.000 0.000 0 0.497 0.010 0.4972 0.0104
1770207073.310306 0 0.511 0.003 0.012 1 0.00 0.00 0.000 0.000 0 0.509 0.012 0.5091 0.0116
1770207073.3150375 0 0.513 0.003 0.010 1 0.00 0.00 0.000 0.000 0 0.511 0.010 0.5112 0.0104
% 1770207073.316607 robobot/cmd/ti rc 0.1 0.5
% 1770207073.3171315 robobot/cmd/T0 servo 1 -800 1000
% 1770207073.3171568 % State change from 12 to 14
1770207073.3650393 0 0.523 0.003 0.016 1 0.00 0.00 0.000 0.000 0 0.522 0.016 0.0104 0.0058
1770207073.4109383 0 0.529 0.003 0.031 1 0.00 0.00 0.000 0.000 0 0.528 0.031 0.0172 0.0208
1770207073.4155126 0 0.529 0.003 0.034 1 0.00 0.00 0.000 0.000 0 0.528 0.034 0.0172 0.0231
1770207073.4665534 0 0.534 0.004 0.064 1 0.00 0.00 0.000 0.000 0 0.533 0.064 0.0220 0.0532
1770207073.5111856 0 0.538 0.004 0.088 1 0.00 0.00 0.000 0.000 0 0.537 0.088 0.0262 0.0775
1770207073.515838 0 0.538 0.004 0.091 1 0.00 0.00 0.000 0.000 0 0.538 0.091 0.0269 0.0810
1770207073.5655005 0 0.543 0.004 0.115 1 0.00 0.00 0.000 0.000 0 0.543 0.115 0.0319 0.1041
1770207073.6110713 0 0.548 0.005 0.137 1 0.00 0.00 0.000 0.000 0 0.548 0.137 0.0367 0.1261
1770207073.615867 0 0.548 0.005 0.138 1 0.00 0.00 0.000 0.000 0 0.548 0.138 0.0367 0.1272
1770207073.665693 0 0.553 0.006 0.164 1 0.00 0.00 0.000 0.000 0 0.553 0.164 0.0415 0.1538
1770207073.7110043 0 0.557 0.007 0.186 1 0.00 0.00 0.000 0.000 0 0.557 0.186 0.0462 0.1758
1770207073.715685 0 0.558 0.007 0.190 1 0.00 0.00 0.000 0.000 0 0.558 0.190 0.0469 0.1793
% 1770207073.728728 robobot/cmd/ti alive 2026-02-04 13:11:10.658149
1770207073.7664418 0 0.563 0.008 0.213 1 0.00 0.00 0.000 0.000 0 0.563 0.213 0.0518 0.2024
1770207073.811212 0 0.567 0.009 0.235 1 0.00 0.00 0.000 0.000 0 0.568 0.235 0.0567 0.2244
1770207073.8158665 0 0.568 0.009 0.237 1 0.00 0.00 0.000 0.000 0 0.568 0.237 0.0567 0.2267
1770207073.866593 0 0.573 0.010 0.261 1 0.00 0.00 0.000 0.000 0 0.574 0.261 0.0623 0.2510
1770207073.911045 0 0.577 0.011 0.284 1 0.00 0.00 0.000 0.000 0 0.577 0.284 0.0662 0.2741
1770207073.9159334 0 0.577 0.011 0.287 1 0.00 0.00 0.000 0.000 0 0.578 0.287 0.0670 0.2764
1770207073.966562 0 0.582 0.013 0.309 1 0.00 0.00 0.000 0.000 0 0.583 0.309 0.0719 0.2984
1770207074.011542 0 0.586 0.014 0.332 1 0.00 0.00 0.000 0.000 0 0.588 0.332 0.0767 0.3215
1770207074.0160077 0 0.587 0.014 0.334 1 0.00 0.00 0.000 0.000 0 0.588 0.334 0.0767 0.3238
1770207074.0669122 0 0.591 0.016 0.357 1 0.00 0.00 0.000 0.000 0 0.594 0.357 0.0823 0.3470
1770207074.1112783 0 0.596 0.018 0.382 1 0.00 0.00 0.000 0.000 0 0.597 0.382 0.0862 0.3712
1770207074.1160092 0 0.596 0.018 0.383 1 0.00 0.00 0.000 0.000 0 0.598 0.383 0.0870 0.3724
1770207074.1658697 0 0.601 0.020 0.408 1 0.00 0.00 0.000 0.000 0 0.603 0.408 0.0919 0.3978
1770207074.2115183 0 0.605 0.022 0.430 1 0.00 0.00 0.000 0.000 0 0.608 0.430 0.0968 0.4198
1770207074.2186146 0 0.605 0.022 0.431 1 0.00 0.00 0.000 0.000 0 0.608 0.431 0.0968 0.4210
% 1770207074.2307322 robobot/cmd/ti alive 2026-02-04 13:11:10.658149
1770207074.2668312 0 0.610 0.024 0.455 1 0.00 0.00 0.000 0.000 0 0.613 0.455 0.1023 0.4441
1770207074.311732 0 0.614 0.026 0.478 1 0.00 0.00 0.000 0.000 0 0.618 0.478 0.1064 0.4672
1770207074.3164766 0 0.614 0.026 0.480 1 0.00 0.00 0.000 0.000 0 0.618 0.480 0.1072 0.4695
1770207074.3661463 0 0.619 0.029 0.504 1 0.00 0.00 0.000 0.000 0 0.623 0.504 0.1119 0.4938
1770207074.4120018 0 0.622 0.031 0.525 1 0.00 0.00 0.000 0.000 0 0.628 0.525 0.1168 0.5146
1770207074.417736 0 0.623 0.031 0.531 1 0.00 0.00 0.000 0.000 0 0.628 0.531 0.1168 0.5204
1770207074.4671788 0 0.627 0.034 0.553 1 0.00 0.00 0.000 0.000 0 0.634 0.553 0.1226 0.5424
1770207074.5120163 0 0.630 0.036 0.576 1 0.00 0.00 0.000 0.000 0 0.638 0.576 0.1265 0.5655
1770207074.517032 0 0.631 0.036 0.579 1 0.00 0.00 0.000 0.000 0 0.638 0.579 0.1272 0.5690
1770207074.5676303 0 0.635 0.039 0.603 1 0.00 0.00 0.000 0.000 0 0.643 0.603 0.1320 0.5921
1770207074.6113977 0 0.639 0.041 0.621 1 0.00 0.00 0.000 0.000 0 0.648 0.621 0.1369 0.6106
1770207074.6173186 0 0.640 0.042 0.626 1 0.00 0.00 0.000 0.000 0 0.648 0.626 0.1369 0.6153
1770207074.666976 0 0.644 0.045 0.650 1 0.00 0.00 0.000 0.000 0 0.654 0.650 0.1424 0.6395
1770207074.7120378 0 0.647 0.047 0.671 1 0.00 0.00 0.000 0.000 0 0.658 0.671 0.1467 0.6604
1770207074.7171383 0 0.647 0.048 0.676 1 0.00 0.00 0.000 0.000 0 0.659 0.676 0.1474 0.6661
% 1770207074.7328923 robobot/cmd/ti alive 2026-02-04 13:11:10.658149
1770207074.7676857 0 0.651 0.051 0.699 1 0.00 0.00 0.000 0.000 0 0.663 0.699 0.1520 0.6881
1770207074.8110235 0 0.654 0.054 0.719 1 0.00 0.00 0.000 0.000 0 0.668 0.719 0.1570 0.7089
1770207074.8172019 0 0.655 0.054 0.724 1 0.00 0.00 0.000 0.000 0 0.668 0.724 0.1570 0.7136
1770207074.8680906 0 0.659 0.058 0.748 1 0.00 0.00 0.000 0.000 0 0.674 0.748 0.1626 0.7378
1770207074.91129 0 0.662 0.060 0.769 1 0.00 0.00 0.000 0.000 0 0.678 0.769 0.1666 0.7587
1770207074.9173958 0 0.662 0.061 0.775 1 0.00 0.00 0.000 0.000 0 0.678 0.775 0.1673 0.7644
1770207074.968037 0 0.666 0.064 0.799 1 0.00 0.00 0.000 0.000 0 0.683 0.799 0.1720 0.7887
1770207075.0117762 0 0.669 0.067 0.817 1 0.00 0.00 0.000 0.000 0 0.688 0.817 0.1769 0.8061
1770207075.0179055 0 0.669 0.068 0.821 1 0.00 0.00 0.000 0.000 0 0.688 0.821 0.1769 0.8107
1770207075.0684915 0 0.673 0.072 0.845 1 0.00 0.00 0.000 0.000 0 0.694 0.845 0.1824 0.8350
1770207075.1115098 0 0.675 0.075 0.865 1 0.00 0.00 0.000 0.000 0 0.698 0.865 0.1865 0.8546
1770207075.1178536 0 0.676 0.076 0.869 1 0.00 0.00 0.000 0.000 0 0.699 0.869 0.1875 0.8581
1770207075.1678138 0 0.679 0.079 0.895 1 0.00 0.00 0.000 0.000 0 0.703 0.895 0.1920 0.8847
1770207075.2116904 0 0.682 0.083 0.914 1 0.00 0.00 0.000 0.000 0 0.708 0.914 0.1970 0.9032
1770207075.2185748 0 0.682 0.083 0.918 1 0.00 0.00 0.000 0.000 0 0.708 0.918 0.1970 0.9078
% 1770207075.2346196 robobot/cmd/ti alive 2026-02-04 13:11:10.658149
1770207075.2685704 0 0.685 0.087 0.943 1 0.00 0.00 0.000 0.000 0 0.714 0.943 0.2024 0.9321
1770207075.3116488 0 0.687 0.091 0.961 1 0.00 0.00 0.000 0.000 0 0.718 0.961 0.2065 0.9506
1770207075.3179603 0 0.688 0.091 0.967 1 0.00 0.00 0.000 0.000 0 0.719 0.967 0.2073 0.9564
1770207075.3685114 0 0.691 0.095 0.992 1 0.00 0.00 0.000 0.000 0 0.723 0.992 0.2120 0.9819
1770207075.4120474 0 0.693 0.099 1.011 1 0.00 0.00 0.000 0.000 0 0.728 1.011 0.2168 1.0004
1770207075.4180603 0 0.693 0.100 1.016 1 0.00 0.00 0.000 0.000 0 0.728 1.016 0.2168 1.0061
1770207075.4688363 0 0.696 0.104 1.040 1 0.00 0.00 0.000 0.000 0 0.734 1.040 0.2225 1.0293
1770207075.5116837 0 0.698 0.108 1.058 1 0.00 0.00 0.000 0.000 0 0.738 1.058 0.2265 1.0478
1770207075.5184226 0 0.698 0.108 1.062 1 0.00 0.00 0.000 0.000 0 0.738 1.062 0.2273 1.0513
1770207075.5678296 0 0.701 0.113 1.089 1 0.00 0.00 0.000 0.000 0 0.743 1.089 0.2321 1.0790
1770207075.611493 0 0.703 0.116 1.107 1 0.00 0.00 0.000 0.000 0 0.748 1.107 0.2369 1.0964
1770207075.6185288 0 0.703 0.117 1.111 1 0.00 0.00 0.000 0.000 0 0.748 1.111 0.2369 1.1010
1770207075.668465 0 0.705 0.121 1.138 1 0.00 0.00 0.000 0.000 0 0.754 1.138 0.2426 1.1276
1770207075.7117505 0 0.707 0.125 1.155 1 0.00 0.00 0.000 0.000 0 0.758 1.155 0.2466 1.1449
1770207075.7179358 0 0.707 0.126 1.161 1 0.00 0.00 0.000 0.000 0 0.759 1.161 0.2474 1.1507
% 1770207075.7364683 robobot/cmd/ti alive 2026-02-04 13:11:10.658149
1770207075.7695253 0 0.709 0.131 1.188 1 0.00 0.00 0.000 0.000 0 0.763 1.188 0.2520 1.1773
1770207075.8122866 0 0.711 0.134 1.205 1 0.00 0.00 0.000 0.000 0 0.768 1.205 0.2569 1.1947
1770207075.8193743 0 0.711 0.135 1.211 1 0.00 0.00 0.000 0.000 0 0.769 1.211 0.2577 1.2004
1770207075.8703127 0 0.713 0.140 1.234 1 0.00 0.00 0.000 0.000 0 0.774 1.234 0.2626 1.2236
1770207075.911616 0 0.714 0.144 1.254 1 0.00 0.00 0.000 0.000 0 0.778 1.254 0.2665 1.2432
1770207075.9189005 0 0.714 0.145 1.257 1 0.00 0.00 0.000 0.000 0 0.779 1.257 0.2674 1.2467
1770207075.9694664 0 0.716 0.149 1.283 1 0.00 0.00 0.000 0.000 0 0.783 1.283 0.2723 1.2722
1770207076.0121148 0 0.717 0.153 1.301 1 0.00 0.00 0.000 0.000 0 0.788 1.301 0.2768 1.2907
1770207076.0194013 0 0.717 0.154 1.304 1 0.00 0.00 0.000 0.000 0 0.789 1.304 0.2777 1.2941
1770207076.0692785 0 0.718 0.159 1.331 1 0.00 0.00 0.000 0.000 0 0.794 1.331 0.2827 1.3207
1770207076.1113987 0 0.719 0.163 1.349 1 0.00 0.00 0.000 0.000 0 0.798 1.349 0.2867 1.3381
1770207076.1194346 0 0.719 0.164 1.353 1 0.00 0.00 0.000 0.000 0 0.799 1.353 0.2874 1.3427
1770207076.1688273 0 0.720 0.169 1.380 1 0.00 0.00 0.000 0.000 0 0.803 1.380 0.2922 1.3693
1770207076.2114635 0 0.721 0.173 1.399 1 0.00 0.00 0.000 0.000 0 0.808 1.399 0.2970 1.3890
1770207076.2197921 0 0.721 0.174 1.403 1 0.00 0.00 0.000 0.000 0 0.809 1.403 0.2978 1.3924
% 1770207076.238281 robobot/cmd/ti alive 2026-02-04 13:11:10.658149
1770207076.2703218 0 0.722 0.179 1.426 1 0.00 0.00 0.000 0.000 0 0.814 1.426 0.3027 1.4156
1770207076.3121672 0 0.723 0.183 1.447 1 0.00 0.00 0.000 0.000 0 0.818 1.447 0.3067 1.4364
1770207076.319372 0 0.723 0.184 1.450 1 0.00 0.00 0.000 0.000 0 0.819 1.450 0.3074 1.4398
1770207076.3691225 0 0.723 0.188 1.476 1 0.00 0.00 0.000 0.000 0 0.824 1.476 0.3123 1.4653
1770207076.411832 0 0.724 0.192 1.496 1 0.00 0.00 0.000 0.000 0 0.828 1.496 0.3169 1.4861
1770207076.4198942 0 0.724 0.193 1.501 1 0.00 0.00 0.000 0.000 0 0.829 1.501 0.3177 1.4907
1770207076.4705188 0 0.724 0.198 1.523 1 0.00 0.00 0.000 0.000 0 0.834 1.523 0.3226 1.5127
1770207076.5114834 0 0.724 0.203 1.542 1 0.00 0.00 0.000 0.000 0 0.838 1.542 0.3266 1.5312
1770207076.5196803 0 0.724 0.203 1.547 1 0.00 0.00 0.000 0.000 0 0.839 1.547 0.3275 1.5370
1770207076.5702994 0 0.724 0.208 1.574 1 0.00 0.00 0.000 0.000 0 0.843 1.574 0.3323 1.5636
1770207076.6115088 0 0.724 0.212 1.593 1 0.00 0.00 0.000 0.000 0 0.848 1.593 0.3369 1.5821
1770207076.6197982 0 0.724 0.213 1.598 1 0.00 0.00 0.000 0.000 0 0.849 1.598 0.3378 1.5879
% 1770207076.620901 robobot/cmd/ti rc 0 0
% 1770207076.6213675 robobot/cmd/T0 servo 1 0 1000
% 1770207076.621389 % State change from 14 to 20
1770207076.670542 0 0.724 0.217 1.618 1 0.00 0.00 0.000 0.000 0 0.853 1.618 0.3418 1.6075
1770207076.7117898 0 0.724 0.217 1.618 1 0.00 0.00 0.000 0.000 0 0.854 1.618 0.3432 1.6075
1770207076.7197843 0 0.724 0.217 1.618 1 0.00 0.00 0.000 0.000 0 0.854 1.618 0.3432 1.6075
% 1770207076.7400668 robobot/cmd/ti alive 2026-02-04 13:11:10.658149
1770207076.7697492 0 0.724 0.217 1.619 1 0.00 0.00 0.000 0.000 0 0.855 1.619 0.3438 1.6087
1770207076.812039 0 0.724 0.217 1.619 1 0.00 0.00 0.000 0.000 0 0.855 1.619 0.3441 1.6087
1770207076.8203337 0 0.724 0.217 1.619 1 0.00 0.00 0.000 0.000 0 0.855 1.619 0.3442 1.6087
1770207076.8705578 0 0.724 0.217 1.619 1 0.00 0.00 0.000 0.000 0 0.856 1.619 0.3445 1.6087
1770207076.911647 0 0.724 0.217 1.619 1 0.00 0.00 0.000 0.000 0 0.856 1.619 0.3446 1.6087
1770207076.9199917 0 0.724 0.217 1.619 1 0.00 0.00 0.000 0.000 0 0.856 1.619 0.3447 1.6087
1770207076.9706936 0 0.724 0.217 1.620 1 0.00 0.00 0.000 0.000 0 0.856 1.620 0.3448 1.6099
1770207077.0123122 0 0.724 0.217 1.620 1 0.00 0.00 0.000 0.000 0 0.856 1.620 0.3449 1.6099
1770207077.0203087 0 0.724 0.217 1.620 1 0.00 0.00 0.000 0.000 0 0.856 1.620 0.3450 1.6099
1770207077.0713873 0 0.724 0.217 1.620 2 0.00 0.00 0.000 0.000 0 0.856 1.620 0.3451 1.6099
% 1770207077.095198 robobot/cmd/T0 leds 16 0 64 0
1770207077.11203 0 0.724 0.217 1.620 2 0.00 0.00 0.000 0.000 0 0.856 1.620 0.3451 1.6099
1770207077.1213148 0 0.724 0.217 1.620 2 0.00 0.00 0.000 0.000 0 0.856 1.620 0.3452 1.6099
1770207077.1709156 0 0.724 0.217 1.620 2 0.00 0.00 0.000 0.000 0 0.856 1.620 0.3452 1.6099
1770207077.2120194 0 0.724 0.217 1.620 2 0.00 0.00 0.000 0.000 0 0.856 1.620 0.3452 1.6099
1770207077.2213147 0 0.724 0.217 1.620 2 0.00 0.00 0.000 0.000 0 0.856 1.620 0.3452 1.6099
% 1770207077.243446 robobot/cmd/ti alive 2026-02-04 13:11:10.658149
1770207077.2716832 0 0.724 0.217 1.620 2 0.00 0.00 0.000 0.000 0 0.856 1.620 0.3452 1.6099
1770207077.3119075 0 0.724 0.217 1.620 2 0.00 0.00 0.000 0.000 0 0.856 1.620 0.3452 1.6099
1770207077.320991 0 0.724 0.217 1.620 2 0.00 0.00 0.000 0.000 0 0.856 1.620 0.3452 1.6099
1770207077.371092 0 0.724 0.217 1.620 2 0.00 0.00 0.000 0.000 0 0.856 1.620 0.3452 1.6099
1770207077.4118364 0 0.724 0.217 1.620 2 0.00 0.00 0.000 0.000 0 0.856 1.620 0.3451 1.6099
1770207077.421007 0 0.724 0.217 1.620 2 0.00 0.00 0.000 0.000 0 0.856 1.620 0.3451 1.6099
1770207077.4719486 0 0.724 0.217 1.620 3 0.00 0.00 0.000 0.000 0 0.856 1.620 0.3451 1.6099
% 1770207077.485379 robobot/cmd/T0 leds 16 0 30 30
1770207077.5122616 0 0.724 0.217 1.620 3 0.00 0.00 0.000 0.000 0 0.856 1.620 0.3451 1.6099
1770207077.5216432 0 0.724 0.217 1.620 3 0.00 0.00 0.000 0.000 0 0.856 1.620 0.3451 1.6099
1770207077.5711224 0 0.724 0.217 1.620 3 0.00 0.00 0.000 0.000 0 0.856 1.620 0.3451 1.6099
1770207077.6124408 0 0.724 0.217 1.620 3 0.00 0.00 0.000 0.000 0 0.856 1.620 0.3451 1.6099
1770207077.6217425 0 0.724 0.217 1.620 3 0.00 0.00 0.000 0.000 0 0.856 1.620 0.3451 1.6099
1770207077.671769 0 0.724 0.217 1.620 3 0.00 0.00 0.000 0.000 0 0.856 1.620 0.3451 1.6099
1770207077.7127855 0 0.724 0.217 1.620 3 0.00 0.00 0.000 0.000 0 0.856 1.620 0.3451 1.6099
1770207077.7212768 0 0.724 0.217 1.620 3 0.00 0.00 0.000 0.000 0 0.856 1.620 0.3451 1.6099
% 1770207077.746303 robobot/cmd/ti alive 2026-02-04 13:11:10.658149
1770207077.7716267 0 0.724 0.217 1.620 3 0.00 0.00 0.000 0.000 0 0.856 1.620 0.3451 1.6099
1770207077.8126178 0 0.724 0.217 1.620 3 0.00 0.00 0.000 0.000 0 0.856 1.620 0.3451 1.6099
1770207077.8222084 0 0.724 0.217 1.620 3 0.00 0.00 0.000 0.000 0 0.856 1.620 0.3451 1.6099
1770207077.8722649 0 0.724 0.217 1.620 4 0.00 0.00 0.000 0.000 0 0.856 1.620 0.3451 1.6099
1770207077.9119859 0 0.724 0.217 1.620 4 0.00 0.00 0.000 0.000 0 0.856 1.620 0.3451 1.6099
1770207077.922105 0 0.724 0.217 1.620 4 0.00 0.00 0.000 0.000 0 0.856 1.620 0.3451 1.6099
1770207077.9726858 0 0.724 0.217 1.620 4 0.00 0.00 0.000 0.000 0 0.856 1.620 0.3451 1.6099
1770207078.0125153 0 0.724 0.217 1.620 4 0.00 0.00 0.000 0.000 0 0.856 1.620 0.3451 1.6099
1770207078.0221145 0 0.724 0.217 1.620 4 0.00 0.00 0.000 0.000 0 0.856 1.620 0.3451 1.6099
1770207078.072236 0 0.724 0.217 1.620 4 0.00 0.00 0.000 0.000 0 0.856 1.620 0.3451 1.6099
1770207078.112654 0 0.724 0.217 1.620 4 0.00 0.00 0.000 0.000 0 0.856 1.620 0.3451 1.6099
1770207078.1221042 0 0.724 0.217 1.620 4 0.00 0.00 0.000 0.000 0 0.856 1.620 0.3451 1.6099
1770207078.1721406 0 0.724 0.217 1.620 4 0.00 0.00 0.000 0.000 0 0.856 1.620 0.3451 1.6099
1770207078.2130485 0 0.724 0.217 1.620 4 0.00 0.00 0.000 0.000 0 0.856 1.620 0.3451 1.6099
1770207078.2229712 0 0.724 0.217 1.620 4 0.00 0.00 0.000 0.000 0 0.856 1.620 0.3451 1.6099
% 1770207078.2307653 robobot/cmd/T0 leds 16 0 64 0
% 1770207078.2500055 robobot/cmd/ti alive 2026-02-04 13:11:10.658149
1770207078.2731822 0 0.724 0.217 1.620 4 0.00 0.00 0.000 0.000 0 0.856 1.620 0.3451 1.6099
1770207078.3123503 0 0.724 0.217 1.620 4 0.00 0.00 0.000 0.000 0 0.856 1.620 0.3451 1.6099
1770207078.3229604 0 0.724 0.217 1.620 4 0.00 0.00 0.000 0.000 0 0.856 1.620 0.3451 1.6099
1770207078.3729894 0 0.724 0.217 1.620 4 0.00 0.00 0.000 0.000 0 0.856 1.620 0.3451 1.6099
1770207078.4129634 0 0.724 0.217 1.620 4 0.00 0.00 0.000 0.000 0 0.856 1.620 0.3451 1.6099
1770207078.4224439 0 0.724 0.217 1.620 4 0.00 0.00 0.000 0.000 0 0.856 1.620 0.3451 1.6099
1770207078.4736292 0 0.724 0.217 1.620 4 0.00 0.00 0.000 0.000 0 0.856 1.620 0.3451 1.6099
1770207078.5129561 0 0.724 0.217 1.620 4 0.00 0.00 0.000 0.000 0 0.856 1.620 0.3451 1.6099
1770207078.5233383 0 0.724 0.217 1.620 4 0.00 0.00 0.000 0.000 0 0.856 1.620 0.3451 1.6099
1770207078.57312 0 0.724 0.217 1.620 4 0.00 0.00 0.000 0.000 0 0.856 1.620 0.3451 1.6099
1770207078.6129515 0 0.724 0.217 1.620 4 0.00 0.00 0.000 0.000 0 0.856 1.620 0.3451 1.6099
1770207078.6233008 0 0.724 0.217 1.620 4 0.00 0.00 0.000 0.000 0 0.856 1.620 0.3451 1.6099
1770207078.6736639 0 0.724 0.217 1.620 5 0.00 0.00 0.000 0.000 0 0.856 1.620 0.3451 1.6099
% 1770207078.6797209 robobot/cmd/T0 leds 16 0 30 30
1770207078.7133095 0 0.724 0.217 1.620 5 0.00 0.00 0.000 0.000 0 0.856 1.620 0.3451 1.6099
1770207078.723757 0 0.724 0.217 1.620 5 0.00 0.00 0.000 0.000 0 0.856 1.620 0.3451 1.6099
% 1770207078.7529957 robobot/cmd/ti alive 2026-02-04 13:11:10.658149
1770207078.7731347 0 0.724 0.217 1.620 5 0.00 0.00 0.000 0.000 0 0.856 1.620 0.3451 1.6099
1770207078.8135772 0 0.724 0.217 1.620 5 0.00 0.00 0.000 0.000 0 0.856 1.620 0.3451 1.6099
1770207078.8234892 0 0.724 0.217 1.620 5 0.00 0.00 0.000 0.000 0 0.856 1.620 0.3451 1.6099
1770207078.8731396 0 0.724 0.217 1.620 5 0.00 0.00 0.000 0.000 0 0.856 1.620 0.3451 1.6099
1770207078.9133766 0 0.724 0.217 1.620 5 0.00 0.00 0.000 0.000 0 0.856 1.620 0.3451 1.6099
1770207078.923696 0 0.724 0.217 1.620 5 0.00 0.00 0.000 0.000 0 0.856 1.620 0.3451 1.6099
1770207078.9732668 0 0.724 0.217 1.620 5 0.00 0.00 0.000 0.000 0 0.856 1.620 0.3451 1.6099
1770207079.0134206 0 0.724 0.217 1.620 5 0.00 0.00 0.000 0.000 0 0.856 1.620 0.3451 1.6099
1770207079.0238101 0 0.724 0.217 1.620 5 0.00 0.00 0.000 0.000 0 0.856 1.620 0.3451 1.6099
1770207079.0735447 0 0.724 0.217 1.620 6 0.00 0.00 0.000 0.000 0 0.856 1.620 0.3451 1.6099
% 1770207079.0797782 robobot/cmd/T0 leds 16 0 64 0
1770207079.113038 0 0.724 0.217 1.620 6 0.00 0.00 0.000 0.000 0 0.856 1.620 0.3451 1.6099
1770207079.123744 0 0.724 0.217 1.620 6 0.00 0.00 0.000 0.000 0 0.856 1.620 0.3451 1.6099
1770207079.1741166 0 0.724 0.217 1.620 6 0.00 0.00 0.000 0.000 0 0.856 1.620 0.3451 1.6099
1770207079.2138553 0 0.724 0.217 1.620 6 0.00 0.00 0.000 0.000 0 0.856 1.620 0.3451 1.6099
1770207079.2244532 0 0.724 0.217 1.620 6 0.00 0.00 0.000 0.000 0 0.856 1.620 0.3451 1.6099
% 1770207079.2570915 robobot/cmd/ti alive 2026-02-04 13:11:10.658149
1770207079.274697 0 0.724 0.217 1.620 6 0.00 0.00 0.000 0.000 0 0.856 1.620 0.3451 1.6099
1770207079.313463 0 0.724 0.217 1.620 6 0.00 0.00 0.000 0.000 0 0.856 1.620 0.3451 1.6099
1770207079.3243136 0 0.724 0.217 1.620 6 0.00 0.00 0.000 0.000 0 0.856 1.620 0.3451 1.6099
1770207079.3742728 0 0.724 0.217 1.620 6 0.00 0.00 0.000 0.000 0 0.856 1.620 0.3451 1.6099
1770207079.4149437 0 0.724 0.217 1.620 6 0.00 0.00 0.000 0.000 0 0.856 1.620 0.3451 1.6099
1770207079.4247184 0 0.724 0.217 1.620 6 0.00 0.00 0.000 0.000 0 0.856 1.620 0.3451 1.6099
1770207079.4747615 0 0.724 0.217 1.620 7 0.00 0.00 0.000 0.000 0 0.856 1.620 0.3451 1.6099
% 1770207079.4785457 robobot/cmd/T0 leds 16 0 30 30
1770207079.5139532 0 0.724 0.217 1.620 7 0.00 0.00 0.000 0.000 0 0.856 1.620 0.3451 1.6099
1770207079.524541 0 0.724 0.217 1.620 7 0.00 0.00 0.000 0.000 0 0.856 1.620 0.3451 1.6099
1770207079.5742347 0 0.724 0.217 1.620 7 0.00 0.00 0.000 0.000 0 0.856 1.620 0.3451 1.6099
1770207079.6139781 0 0.724 0.217 1.620 7 0.00 0.00 0.000 0.000 0 0.856 1.620 0.3451 1.6099
1770207079.624635 0 0.724 0.217 1.620 7 0.00 0.00 0.000 0.000 0 0.856 1.620 0.3451 1.6099
1770207079.674847 0 0.724 0.217 1.620 7 0.00 0.00 0.000 0.000 0 0.856 1.620 0.3451 1.6099
1770207079.7131796 0 0.724 0.217 1.620 7 0.00 0.00 0.000 0.000 0 0.856 1.620 0.3451 1.6099
1770207079.7250476 0 0.724 0.217 1.620 7 0.00 0.00 0.000 0.000 0 0.856 1.620 0.3451 1.6099
% 1770207079.7608273 robobot/cmd/ti alive 2026-02-04 13:11:10.658149
1770207079.7750053 0 0.724 0.217 1.620 7 0.00 0.00 0.000 0.000 0 0.856 1.620 0.3451 1.6099
1770207079.8136933 0 0.724 0.217 1.620 7 0.00 0.00 0.000 0.000 0 0.856 1.620 0.3451 1.6099
1770207079.8254037 0 0.724 0.217 1.620 7 0.00 0.00 0.000 0.000 0 0.856 1.620 0.3451 1.6099
1770207079.875688 0 0.724 0.217 1.620 8 0.00 0.00 0.000 0.000 0 0.856 1.620 0.3451 1.6099
% 1770207079.877185 robobot/cmd/T0 leds 16 0 64 0
1770207079.913344 0 0.724 0.217 1.620 8 0.00 0.00 0.000 0.000 0 0.856 1.620 0.3451 1.6099
1770207079.9250548 0 0.724 0.217 1.620 8 0.00 0.00 0.000 0.000 0 0.856 1.620 0.3451 1.6099
1770207079.974674 0 0.724 0.217 1.620 8 0.00 0.00 0.000 0.000 0 0.856 1.620 0.3451 1.6099
1770207080.013835 0 0.724 0.217 1.620 8 0.00 0.00 0.000 0.000 0 0.856 1.620 0.3451 1.6099
1770207080.025489 0 0.724 0.217 1.620 8 0.00 0.00 0.000 0.000 0 0.856 1.620 0.3451 1.6099
1770207080.0748913 0 0.724 0.217 1.620 8 0.00 0.00 0.000 0.000 0 0.856 1.620 0.3451 1.6099
1770207080.1142795 0 0.724 0.217 1.620 8 0.00 0.00 0.000 0.000 0 0.856 1.620 0.3451 1.6099
1770207080.1254463 0 0.724 0.217 1.620 8 0.00 0.00 0.000 0.000 0 0.856 1.620 0.3451 1.6099
1770207080.1749084 0 0.724 0.217 1.620 8 0.00 0.00 0.000 0.000 0 0.856 1.620 0.3451 1.6099
1770207080.2143831 0 0.724 0.217 1.620 8 0.00 0.00 0.000 0.000 0 0.856 1.620 0.3451 1.6099
1770207080.2250156 0 0.724 0.217 1.620 8 0.00 0.00 0.000 0.000 0 0.856 1.620 0.3451 1.6099
% 1770207080.2651334 robobot/cmd/ti alive 2026-02-04 13:11:10.658149
1770207080.2752073 0 0.724 0.217 1.620 9 0.00 0.00 0.000 0.000 0 0.856 1.620 0.3451 1.6099
% 1770207080.2875614 robobot/cmd/T0 leds 16 0 30 30
1770207080.314182 0 0.724 0.217 1.620 9 0.00 0.00 0.000 0.000 0 0.856 1.620 0.3451 1.6099
1770207080.325033 0 0.724 0.217 1.620 9 0.00 0.00 0.000 0.000 0 0.856 1.620 0.3451 1.6099
1770207080.375013 0 0.724 0.217 1.620 9 0.00 0.00 0.000 0.000 0 0.856 1.620 0.3451 1.6099
1770207080.413596 0 0.724 0.217 1.620 9 0.00 0.00 0.000 0.000 0 0.856 1.620 0.3451 1.6099
1770207080.4253037 0 0.724 0.217 1.620 9 0.00 0.00 0.000 0.000 0 0.856 1.620 0.3451 1.6099
1770207080.4756722 0 0.724 0.217 1.620 9 0.00 0.00 0.000 0.000 0 0.856 1.620 0.3451 1.6099
1770207080.5133135 0 0.724 0.217 1.620 9 0.00 0.00 0.000 0.000 0 0.856 1.620 0.3451 1.6099
1770207080.5263445 0 0.724 0.217 1.620 9 0.00 0.00 0.000 0.000 0 0.856 1.620 0.3451 1.6099
1770207080.57608 0 0.724 0.217 1.620 9 0.00 0.00 0.000 0.000 0 0.856 1.620 0.3451 1.6099
1770207080.6135585 0 0.724 0.217 1.620 9 0.00 0.00 0.000 0.000 0 0.856 1.620 0.3451 1.6099
1770207080.626578 0 0.724 0.217 1.620 9 0.00 0.00 0.000 0.000 0 0.856 1.620 0.3451 1.6099
% 1770207080.676148 robobot/cmd/T0 leds 16 0 64 0
1770207080.6764688 0 0.724 0.217 1.620 10 0.00 0.00 0.000 0.000 0 0.856 1.620 0.3451 1.6099
1770207080.7143013 0 0.724 0.217 1.620 10 0.00 0.00 0.000 0.000 0 0.856 1.620 0.3451 1.6099
1770207080.7264016 0 0.724 0.217 1.620 10 0.00 0.00 0.000 0.000 0 0.856 1.620 0.3451 1.6099
% 1770207080.7692547 robobot/cmd/ti alive 2026-02-04 13:11:10.658149
1770207080.7758248 0 0.724 0.217 1.620 10 0.00 0.00 0.000 0.000 0 0.856 1.620 0.3451 1.6099
1770207080.8142984 0 0.724 0.217 1.620 10 0.00 0.00 0.000 0.000 0 0.856 1.620 0.3451 1.6099
1770207080.8262901 0 0.724 0.217 1.620 10 0.00 0.00 0.000 0.000 0 0.856 1.620 0.3451 1.6099
1770207080.8767474 0 0.724 0.217 1.620 10 0.00 0.00 0.000 0.000 0 0.856 1.620 0.3451 1.6099
1770207080.9143643 0 0.724 0.217 1.620 10 0.00 0.00 0.000 0.000 0 0.856 1.620 0.3451 1.6099
1770207080.9265485 0 0.724 0.217 1.620 10 0.00 0.00 0.000 0.000 0 0.856 1.620 0.3451 1.6099
1770207080.9760017 0 0.724 0.217 1.620 10 0.00 0.00 0.000 0.000 0 0.856 1.620 0.3451 1.6099
1770207081.013507 0 0.724 0.217 1.620 10 0.00 0.00 0.000 0.000 0 0.856 1.620 0.3451 1.6099
1770207081.0266376 0 0.724 0.217 1.620 10 0.00 0.00 0.000 0.000 0 0.856 1.620 0.3451 1.6099
1770207081.07644 0 0.724 0.217 1.620 11 0.00 0.00 0.000 0.000 0 0.856 1.620 0.3451 1.6099
% 1770207081.0855684 robobot/cmd/T0 leds 16 0 30 30
% 1770207081.0856736 % State change from 20 to 99
1770207081.1139462 0 0.724 0.217 1.620 11 0.00 0.00 0.000 0.000 0 0.856 1.620 0.3451 1.6099
1770207081.1270845 0 0.724 0.217 1.620 11 0.00 0.00 0.000 0.000 0 0.856 1.620 0.3451 1.6099
1770207081.1768293 0 0.724 0.217 1.620 11 0.00 0.00 0.000 0.000 0 0.856 1.620 0.3451 1.6099
% 1770207081.191718 robobot/cmd/T0 leds 16 0 0 0
% 1770207081.1938808 robobot/cmd/ti rc 0 0
% 1770207081.195922 robobot/cmd/T0 servo 1 0 0
1770207081.2144794 0 0.724 0.217 1.620 11 0.00 0.00 0.000 0.000 0 0.856 1.620 0.3451 1.6099
1770207081.2276132 0 0.724 0.217 1.620 11 0.00 0.00 0.000 0.000 0 0.856 1.620 0.3451 1.6099
% 1770207081.2724824 robobot/cmd/ti rc 0 0
% 1770207081.274732 robobot/cmd/ti alive 2026-02-04 13:11:10.658149
1770207081.2774 0 0.724 0.217 1.620 11 0.00 0.00 0.000 0.000 0 0.856 1.620 0.3451 1.6099
% 1770207081.2948778 robobot/cmd/T0 stop
% 1770207081.2969832 robobot/cmd/T0 leds 14 0 0 0
% 1770207081.3094459 robobot/cmd/T0 leds 15 0 0 0
% 1770207081.3115714 robobot/cmd/T0 leds 16 0 0 0
1770207081.3145168 0 0.724 0.217 1.620 11 0.00 0.00 0.000 0.000 0 0.856 1.620 0.3451 1.6099
% 1770207081.3237145 robobot/cmd/ti log 0
